N,OscNum,Topology,Coupling,InDegree,FreqVar,DelayConst,DelayVar,c1,c2
5,1,all,0.99,4,0,0,0,1.69646003293849,3.70707933123596
5,2,all,0.99,4,0,0,0,1.75929188601028,3.83274303737955
5,3,all,0.99,4,0,0,0,1.5707963267949,3.70707933123596
5,4,all,0.99,4,0,0,0,1.88495559215388,3.83274303737955
5,5,all,0.99,4,0,0,0,1.88495559215388,3.76991118430775
2,1,all,0.99,1,0,0,0,3.078760800518,3.078760800518
2,2,all,0.99,1,0,0,0,2.95309709437441,2.95309709437441
2,1,all,0.99,1,0,0,0,3.0159289474462,3.20442450666159
2,2,all,0.99,1,0,0,0,3.078760800518,3.078760800518
2,1,all,0.99,1,0,0,0,3.14159265358979,3.20442450666159
2,2,all,0.99,1,0,0,0,2.70176968208722,2.95309709437441
3,1,all,0.99,2,0,0,0,2.38761041672824,3.39292006587698
3,2,all,0.99,2,0,0,0,2.76460153515902,3.33008821280518
3,3,all,0.99,2,0,0,0,2.89026524130261,3.45575191894877
3,1,all,0.99,2,0,0,0,2.70176968208722,3.26725635973339
3,2,all,0.99,2,0,0,0,2.57610597594363,3.20442450666159
3,3,all,0.99,2,0,0,0,2.70176968208722,3.14159265358979
3,1,all,0.99,2,0,0,0,2.51327412287183,3.33008821280518
3,2,all,0.99,2,0,0,0,3.0159289474462,3.26725635973339
3,3,all,0.99,2,0,0,0,2.76460153515902,3.26725635973339
4,1,all,0.99,3,0,0,0,2.19911485751286,3.45575191894877
4,2,all,0.99,3,0,0,0,2.26194671058465,3.39292006587698
4,3,all,0.99,3,0,0,0,2.32477856365645,3.45575191894877
4,4,all,0.99,3,0,0,0,2.32477856365645,3.45575191894877
4,1,all,0.99,3,0,0,0,2.19911485751286,3.39292006587698
4,2,all,0.99,3,0,0,0,2.32477856365645,3.39292006587698
4,3,all,0.99,3,0,0,0,2.51327412287183,3.20442450666159
4,4,all,0.99,3,0,0,0,2.45044226980004,3.39292006587698
4,1,all,0.99,3,0,0,0,2.07345115136926,3.58141562509236
4,2,all,0.99,3,0,0,0,2.32477856365645,3.45575191894877
4,3,all,0.99,3,0,0,0,2.07345115136926,3.51858377202057
4,4,all,0.99,3,0,0,0,2.13628300444106,3.20442450666159
5,1,all,0.99,4,0,0,0,1.75929188601028,3.76991118430775
5,2,all,0.99,4,0,0,0,1.63362817986669,3.76991118430775
5,3,all,0.99,4,0,0,0,1.82212373908208,3.58141562509236
5,4,all,0.99,4,0,0,0,1.5707963267949,3.95840674352314
5,5,all,0.99,4,0,0,0,1.88495559215388,3.64424747816416
5,1,all,0.99,4,0,0,0,2.01061929829747,3.51858377202057
5,2,all,0.99,4,0,0,0,1.5707963267949,3.89557489045134
5,3,all,0.99,4,0,0,0,1.94778744522567,3.58141562509236
5,4,all,0.99,4,0,0,0,1.69646003293849,3.76991118430775
5,5,all,0.99,4,0,0,0,1.63362817986669,3.89557489045134
6,1,all,0.99,5,0,0,0,1.4451326206513,3.89557489045134
6,2,all,0.99,5,0,0,0,1.38230076757951,4.02123859659494
6,3,all,0.99,5,0,0,0,1.38230076757951,3.83274303737955
6,4,all,0.99,5,0,0,0,1.4451326206513,3.89557489045134
6,5,all,0.99,5,0,0,0,1.5079644737231,3.76991118430775
6,6,all,0.99,5,0,0,0,1.5707963267949,3.89557489045134
6,1,all,0.99,5,0,0,0,1.4451326206513,3.83274303737955
6,2,all,0.99,5,0,0,0,1.38230076757951,3.83274303737955
6,3,all,0.99,5,0,0,0,1.31946891450771,3.95840674352314
6,4,all,0.99,5,0,0,0,1.4451326206513,3.76991118430775
6,5,all,0.99,5,0,0,0,1.4451326206513,3.95840674352314
6,6,all,0.99,5,0,0,0,1.31946891450771,3.89557489045134
6,1,all,0.99,5,0,0,0,1.38230076757951,3.89557489045134
6,2,all,0.99,5,0,0,0,1.5079644737231,3.83274303737955
6,3,all,0.99,5,0,0,0,1.38230076757951,3.76991118430775
6,4,all,0.99,5,0,0,0,1.31946891450771,3.95840674352314
6,5,all,0.99,5,0,0,0,1.4451326206513,4.08407044966673
6,6,all,0.99,5,0,0,0,1.38230076757951,3.89557489045134
7,1,all,0.99,6,0,0,0,1.19380520836412,3.95840674352314
7,2,all,0.99,6,0,0,0,1.19380520836412,4.14690230273853
7,3,all,0.99,6,0,0,0,1.25663706143592,4.08407044966673
7,4,all,0.99,6,0,0,0,1.13097335529233,4.08407044966673
7,5,all,0.99,6,0,0,0,1.19380520836412,3.95840674352314
7,6,all,0.99,6,0,0,0,1.25663706143592,4.08407044966673
7,7,all,0.99,6,0,0,0,1.25663706143592,4.08407044966673
7,1,all,0.99,6,0,0,0,1.19380520836412,4.14690230273853
7,2,all,0.99,6,0,0,0,1.31946891450771,4.14690230273853
7,3,all,0.99,6,0,0,0,1.19380520836412,4.14690230273853
7,4,all,0.99,6,0,0,0,1.31946891450771,4.02123859659494
7,5,all,0.99,6,0,0,0,1.13097335529233,4.14690230273853
7,6,all,0.99,6,0,0,0,1.31946891450771,4.02123859659494
7,7,all,0.99,6,0,0,0,1.25663706143592,4.14690230273853
7,1,all,0.99,6,0,0,0,1.13097335529233,4.14690230273853
7,2,all,0.99,6,0,0,0,1.25663706143592,3.95840674352314
7,3,all,0.99,6,0,0,0,1.25663706143592,3.95840674352314
7,4,all,0.99,6,0,0,0,1.25663706143592,4.02123859659494
7,5,all,0.99,6,0,0,0,1.19380520836412,4.08407044966673
7,6,all,0.99,6,0,0,0,1.06814150222053,4.08407044966673
7,7,all,0.99,6,0,0,0,1.19380520836412,3.95840674352314
11,1,all,0.99,10,0,0,0,0.816814089933346,4.39822971502571
11,2,all,0.99,10,0,0,0,0.75398223686155,4.20973415581032
11,3,all,0.99,10,0,0,0,0.75398223686155,4.33539786195391
11,4,all,0.99,10,0,0,0,0.691150383789755,4.46106156809751
11,5,all,0.99,10,0,0,0,0.691150383789755,4.5238934211693
11,6,all,0.99,10,0,0,0,0.816814089933346,4.20973415581032
11,7,all,0.99,10,0,0,0,0.691150383789755,4.5238934211693
11,8,all,0.99,10,0,0,0,0.816814089933346,4.33539786195391
11,9,all,0.99,10,0,0,0,0.879645943005142,4.39822971502571
11,10,all,0.99,10,0,0,0,0.879645943005142,4.27256600888212
11,11,all,0.99,10,0,0,0,0.816814089933346,4.5238934211693
16,1,all,0.99,15,0,0,0,0.75398223686155,4.5867252742411
16,2,all,0.99,15,0,0,0,0.565486677646163,4.39822971502571
16,3,all,0.99,15,0,0,0,0.502654824574367,4.64955712731289
16,4,all,0.99,15,0,0,0,0.565486677646163,4.71238898038469
16,5,all,0.99,15,0,0,0,0.565486677646163,4.5867252742411
16,6,all,0.99,15,0,0,0,0.565486677646163,4.5867252742411
16,7,all,0.99,15,0,0,0,0.565486677646163,4.5867252742411
16,8,all,0.99,15,0,0,0,0.565486677646163,4.5238934211693
16,9,all,0.99,15,0,0,0,0.565486677646163,4.46106156809751
16,10,all,0.99,15,0,0,0,0.628318530717959,4.5867252742411
16,11,all,0.99,15,0,0,0,0.75398223686155,4.46106156809751
16,12,all,0.99,15,0,0,0,0.691150383789755,4.46106156809751
16,13,all,0.99,15,0,0,0,0.691150383789755,4.5867252742411
16,14,all,0.99,15,0,0,0,0.628318530717959,4.39822971502571
16,15,all,0.99,15,0,0,0,0.565486677646163,4.39822971502571
16,16,all,0.99,15,0,0,0,0.628318530717959,4.5867252742411
16,1,all,0.99,15,0,0,0,0.565486677646163,4.5238934211693
16,2,all,0.99,15,0,0,0,0.628318530717959,4.5867252742411
16,3,all,0.99,15,0,0,0,0.628318530717959,4.46106156809751
16,4,all,0.99,15,0,0,0,0.75398223686155,4.71238898038469
16,5,all,0.99,15,0,0,0,0.691150383789755,4.5238934211693
16,6,all,0.99,15,0,0,0,0.691150383789755,4.5238934211693
16,7,all,0.99,15,0,0,0,0.565486677646163,4.5238934211693
16,8,all,0.99,15,0,0,0,0.628318530717959,4.71238898038469
16,9,all,0.99,15,0,0,0,0.565486677646163,4.5867252742411
16,10,all,0.99,15,0,0,0,0.628318530717959,4.64955712731289
16,11,all,0.99,15,0,0,0,0.502654824574367,4.64955712731289
16,12,all,0.99,15,0,0,0,0.628318530717959,4.46106156809751
16,13,all,0.99,15,0,0,0,0.628318530717959,4.5238934211693
16,14,all,0.99,15,0,0,0,0.628318530717959,4.5238934211693
16,15,all,0.99,15,0,0,0,0.628318530717959,4.46106156809751
16,16,all,0.99,15,0,0,0,0.691150383789755,4.39822971502571
11,1,all,0.99,10,0,0,0,0.691150383789755,4.5238934211693
11,2,all,0.99,10,0,0,0,0.816814089933346,4.27256600888212
11,3,all,0.99,10,0,0,0,0.816814089933346,4.33539786195391
11,4,all,0.99,10,0,0,0,0.75398223686155,4.27256600888212
11,5,all,0.99,10,0,0,0,0.75398223686155,4.5238934211693
11,6,all,0.99,10,0,0,0,0.816814089933346,4.39822971502571
11,7,all,0.99,10,0,0,0,0.879645943005142,4.33539786195391
11,8,all,0.99,10,0,0,0,0.879645943005142,4.33539786195391
11,9,all,0.99,10,0,0,0,0.816814089933346,4.27256600888212
11,10,all,0.99,10,0,0,0,0.816814089933346,4.46106156809751
11,11,all,0.99,10,0,0,0,0.75398223686155,4.39822971502571
11,1,all,0.99,10,0,0,0,0.816814089933346,4.39822971502571
11,2,all,0.99,10,0,0,0,0.816814089933346,4.33539786195391
11,3,all,0.99,10,0,0,0,0.691150383789755,4.39822971502571
11,4,all,0.99,10,0,0,0,0.816814089933346,4.14690230273853
11,5,all,0.99,10,0,0,0,0.879645943005142,4.33539786195391
11,6,all,0.99,10,0,0,0,0.75398223686155,4.46106156809751
11,7,all,0.99,10,0,0,0,0.816814089933346,4.27256600888212
11,8,all,0.99,10,0,0,0,0.691150383789755,4.33539786195391
11,9,all,0.99,10,0,0,0,0.691150383789755,4.39822971502571
11,10,all,0.99,10,0,0,0,0.879645943005142,4.5238934211693
11,11,all,0.99,10,0,0,0,0.816814089933346,4.33539786195391
16,1,all,0.99,15,0,0,0,0.691150383789755,4.5238934211693
16,2,all,0.99,15,0,0,0,0.628318530717959,4.5238934211693
16,3,all,0.99,15,0,0,0,0.628318530717959,4.46106156809751
16,4,all,0.99,15,0,0,0,0.565486677646163,4.64955712731289
16,5,all,0.99,15,0,0,0,0.691150383789755,4.46106156809751
16,6,all,0.99,15,0,0,0,0.75398223686155,4.5238934211693
16,7,all,0.99,15,0,0,0,0.628318530717959,4.5867252742411
16,8,all,0.99,15,0,0,0,0.439822971502571,4.5867252742411
16,9,all,0.99,15,0,0,0,0.628318530717959,4.5867252742411
16,10,all,0.99,15,0,0,0,0.565486677646163,4.5867252742411
16,11,all,0.99,15,0,0,0,0.691150383789755,4.5238934211693
16,12,all,0.99,15,0,0,0,0.628318530717959,4.64955712731289
16,13,all,0.99,15,0,0,0,0.691150383789755,4.64955712731289
16,14,all,0.99,15,0,0,0,0.565486677646163,4.5867252742411
16,15,all,0.99,15,0,0,0,0.565486677646163,4.46106156809751
16,16,all,0.99,15,0,0,0,0.628318530717959,4.5867252742411
3,1,dring,0.99,1,0,0,0,3.26725635973339,3.26725635973339
3,2,dring,0.99,1,0,0,0,2.95309709437441,3.26725635973339
3,3,dring,0.99,1,0,0,0,3.0159289474462,3.20442450666159
3,1,dring,0.99,1,0,0,0,3.20442450666159,3.26725635973339
3,2,dring,0.99,1,0,0,0,3.20442450666159,3.33008821280518
3,3,dring,0.99,1,0,0,0,2.89026524130261,3.20442450666159
3,1,dring,0.99,1,0,0,0,3.20442450666159,3.20442450666159
3,2,dring,0.99,1,0,0,0,3.0159289474462,3.20442450666159
3,3,dring,0.99,1,0,0,0,3.14159265358979,3.33008821280518
4,1,dring,0.99,1,0,0,0,2.95309709437441,3.20442450666159
4,2,dring,0.99,1,0,0,0,2.95309709437441,3.26725635973339
4,3,dring,0.99,1,0,0,0,2.95309709437441,3.26725635973339
4,4,dring,0.99,1,0,0,0,2.82743338823081,3.14159265358979
4,1,dring,0.99,1,0,0,0,2.76460153515902,3.078760800518
4,2,dring,0.99,1,0,0,0,3.0159289474462,3.14159265358979
4,3,dring,0.99,1,0,0,0,3.0159289474462,3.14159265358979
4,4,dring,0.99,1,0,0,0,2.95309709437441,3.14159265358979
4,1,dring,0.99,1,0,0,0,3.0159289474462,3.20442450666159
4,2,dring,0.99,1,0,0,0,2.89026524130261,3.20442450666159
4,3,dring,0.99,1,0,0,0,2.82743338823081,3.14159265358979
4,4,dring,0.99,1,0,0,0,3.078760800518,3.14159265358979
5,1,dring,0.99,1,0,0,0,3.26725635973339,3.26725635973339
5,2,dring,0.99,1,0,0,0,2.82743338823081,3.20442450666159
5,3,dring,0.99,1,0,0,0,3.14159265358979,3.14159265358979
5,4,dring,0.99,1,0,0,0,2.82743338823081,3.14159265358979
5,5,dring,0.99,1,0,0,0,3.078760800518,3.20442450666159
5,1,dring,0.99,1,0,0,0,3.26725635973339,3.26725635973339
5,2,dring,0.99,1,0,0,0,2.82743338823081,3.14159265358979
5,3,dring,0.99,1,0,0,0,2.95309709437441,3.20442450666159
5,4,dring,0.99,1,0,0,0,3.078760800518,3.26725635973339
5,5,dring,0.99,1,0,0,0,2.95309709437441,3.20442450666159
5,1,dring,0.99,1,0,0,0,2.89026524130261,3.078760800518
5,2,dring,0.99,1,0,0,0,2.95309709437441,3.20442450666159
5,3,dring,0.99,1,0,0,0,2.76460153515902,3.078760800518
5,4,dring,0.99,1,0,0,0,3.14159265358979,3.14159265358979
5,5,dring,0.99,1,0,0,0,2.82743338823081,3.14159265358979
4,1,ring,0.99,2,0,0,0,2.70176968208722,3.26725635973339
4,2,ring,0.99,2,0,0,0,2.89026524130261,3.26725635973339
4,3,ring,0.99,2,0,0,0,3.0159289474462,3.39292006587698
4,4,ring,0.99,2,0,0,0,2.63893782901543,3.33008821280518
4,1,ring,0.99,2,0,0,0,2.63893782901543,3.33008821280518
4,2,ring,0.99,2,0,0,0,2.57610597594363,3.45575191894877
4,3,ring,0.99,2,0,0,0,2.63893782901543,3.26725635973339
4,4,ring,0.99,2,0,0,0,2.70176968208722,3.26725635973339
4,1,ring,0.99,2,0,0,0,2.13628300444106,3.51858377202057
4,2,ring,0.99,2,0,0,0,2.51327412287183,3.20442450666159
4,3,ring,0.99,2,0,0,0,2.95309709437441,3.26725635973339
4,4,ring,0.99,2,0,0,0,2.70176968208722,3.20442450666159
5,1,ring,0.99,2,0,0,0,2.26194671058465,3.45575191894877
5,2,ring,0.99,2,0,0,0,2.70176968208722,3.26725635973339
5,3,ring,0.99,2,0,0,0,2.32477856365645,3.26725635973339
5,4,ring,0.99,2,0,0,0,2.63893782901543,3.26725635973339
5,5,ring,0.99,2,0,0,0,2.76460153515902,3.14159265358979
5,1,ring,0.99,2,0,0,0,2.51327412287183,3.20442450666159
5,2,ring,0.99,2,0,0,0,2.38761041672824,3.39292006587698
5,3,ring,0.99,2,0,0,0,2.38761041672824,3.45575191894877
5,4,ring,0.99,2,0,0,0,2.32477856365645,3.33008821280518
5,5,ring,0.99,2,0,0,0,2.51327412287183,3.26725635973339
5,1,ring,0.99,2,0,0,0,2.63893782901543,3.20442450666159
5,2,ring,0.99,2,0,0,0,2.82743338823081,3.39292006587698
5,3,ring,0.99,2,0,0,0,2.76460153515902,3.39292006587698
5,4,ring,0.99,2,0,0,0,2.89026524130261,3.33008821280518
5,5,ring,0.99,2,0,0,0,2.89026524130261,3.20442450666159
6,1,ring,0.99,2,0,0,0,2.63893782901543,3.33008821280518
6,2,ring,0.99,2,0,0,0,2.82743338823081,3.39292006587698
6,3,ring,0.99,2,0,0,0,2.45044226980004,3.26725635973339
6,4,ring,0.99,2,0,0,0,2.57610597594363,3.26725635973339
6,5,ring,0.99,2,0,0,0,2.57610597594363,3.14159265358979
6,6,ring,0.99,2,0,0,0,2.76460153515902,3.33008821280518
6,1,ring,0.99,2,0,0,0,2.51327412287183,3.14159265358979
6,2,ring,0.99,2,0,0,0,2.51327412287183,3.26725635973339
6,3,ring,0.99,2,0,0,0,2.32477856365645,3.33008821280518
6,4,ring,0.99,2,0,0,0,2.89026524130261,3.26725635973339
6,5,ring,0.99,2,0,0,0,2.57610597594363,3.26725635973339
6,6,ring,0.99,2,0,0,0,2.38761041672824,3.14159265358979
6,1,ring,0.99,2,0,0,0,2.89026524130261,3.45575191894877
6,2,ring,0.99,2,0,0,0,2.63893782901543,3.26725635973339
6,3,ring,0.99,2,0,0,0,2.57610597594363,3.33008821280518
6,4,ring,0.99,2,0,0,0,2.38761041672824,3.33008821280518
6,5,ring,0.99,2,0,0,0,2.32477856365645,3.20442450666159
6,6,ring,0.99,2,0,0,0,2.51327412287183,3.20442450666159
5,1,lop3,0.99,3,0,0,0,2.26194671058465,3.45575191894877
5,2,lop3,0.99,3,0,0,0,2.01061929829747,3.58141562509236
5,3,lop3,0.99,3,0,0,0,2.26194671058465,3.45575191894877
5,4,lop3,0.99,3,0,0,0,2.07345115136926,3.58141562509236
5,5,lop3,0.99,3,0,0,0,2.26194671058465,3.51858377202057
5,1,lop3,0.99,3,0,0,0,2.07345115136926,3.33008821280518
5,2,lop3,0.99,3,0,0,0,2.38761041672824,3.45575191894877
5,3,lop3,0.99,3,0,0,0,2.07345115136926,3.51858377202057
5,4,lop3,0.99,3,0,0,0,2.07345115136926,3.51858377202057
5,5,lop3,0.99,3,0,0,0,2.26194671058465,3.45575191894877
5,1,lop3,0.99,3,0,0,0,1.94778744522567,3.51858377202057
5,2,lop3,0.99,3,0,0,0,2.13628300444106,3.51858377202057
5,3,lop3,0.99,3,0,0,0,2.01061929829747,3.39292006587698
5,4,lop3,0.99,3,0,0,0,2.13628300444106,3.58141562509236
5,5,lop3,0.99,3,0,0,0,1.94778744522567,3.45575191894877
6,1,lop3,0.99,3,0,0,0,1.82212373908208,3.39292006587698
6,2,lop3,0.99,3,0,0,0,2.19911485751286,3.39292006587698
6,3,lop3,0.99,3,0,0,0,2.13628300444106,3.33008821280518
6,4,lop3,0.99,3,0,0,0,1.88495559215388,3.51858377202057
6,5,lop3,0.99,3,0,0,0,2.13628300444106,3.39292006587698
6,6,lop3,0.99,3,0,0,0,2.07345115136926,3.45575191894877
6,1,lop3,0.99,3,0,0,0,2.01061929829747,3.58141562509236
6,2,lop3,0.99,3,0,0,0,2.19911485751286,3.51858377202057
6,3,lop3,0.99,3,0,0,0,2.32477856365645,3.39292006587698
6,4,lop3,0.99,3,0,0,0,2.26194671058465,3.39292006587698
6,5,lop3,0.99,3,0,0,0,2.26194671058465,3.51858377202057
6,6,lop3,0.99,3,0,0,0,2.07345115136926,3.51858377202057
6,1,lop3,0.99,3,0,0,0,2.01061929829747,3.51858377202057
6,2,lop3,0.99,3,0,0,0,2.01061929829747,3.58141562509236
6,3,lop3,0.99,3,0,0,0,2.32477856365645,3.45575191894877
6,4,lop3,0.99,3,0,0,0,1.88495559215388,3.45575191894877
6,5,lop3,0.99,3,0,0,0,2.26194671058465,3.39292006587698
6,6,lop3,0.99,3,0,0,0,2.01061929829747,3.51858377202057
6,1,far3,0.99,3,0,0,0,2.45044226980004,3.45575191894877
6,2,far3,0.99,3,0,0,0,2.19911485751286,3.39292006587698
6,3,far3,0.99,3,0,0,0,2.38761041672824,3.39292006587698
6,4,far3,0.99,3,0,0,0,2.26194671058465,3.20442450666159
6,5,far3,0.99,3,0,0,0,2.57610597594363,3.45575191894877
6,6,far3,0.99,3,0,0,0,2.45044226980004,3.45575191894877
6,1,far3,0.99,3,0,0,0,2.13628300444106,3.45575191894877
6,2,far3,0.99,3,0,0,0,2.32477856365645,3.45575191894877
6,3,far3,0.99,3,0,0,0,2.19911485751286,3.39292006587698
6,4,far3,0.99,3,0,0,0,2.38761041672824,3.33008821280518
6,5,far3,0.99,3,0,0,0,2.07345115136926,3.39292006587698
6,6,far3,0.99,3,0,0,0,2.38761041672824,3.45575191894877
6,1,far3,0.99,3,0,0,0,2.19911485751286,3.39292006587698
6,2,far3,0.99,3,0,0,0,2.26194671058465,3.39292006587698
6,3,far3,0.99,3,0,0,0,2.01061929829747,3.45575191894877
6,4,far3,0.99,3,0,0,0,2.13628300444106,3.51858377202057
6,5,far3,0.99,3,0,0,0,2.13628300444106,3.39292006587698
6,6,far3,0.99,3,0,0,0,2.19911485751286,3.39292006587698
6,1,near2far1,0.99,3,0,0,0,2.13628300444106,3.45575191894877
6,2,near2far1,0.99,3,0,0,0,2.45044226980004,3.51858377202057
6,3,near2far1,0.99,3,0,0,0,2.57610597594363,3.51858377202057
6,4,near2far1,0.99,3,0,0,0,2.26194671058465,3.39292006587698
6,5,near2far1,0.99,3,0,0,0,2.19911485751286,3.33008821280518
6,6,near2far1,0.99,3,0,0,0,2.26194671058465,3.33008821280518
6,1,near2far1,0.99,3,0,0,0,2.26194671058465,3.45575191894877
6,2,near2far1,0.99,3,0,0,0,2.32477856365645,3.51858377202057
6,3,near2far1,0.99,3,0,0,0,2.26194671058465,3.39292006587698
6,4,near2far1,0.99,3,0,0,0,2.19911485751286,3.39292006587698
6,5,near2far1,0.99,3,0,0,0,2.38761041672824,3.51858377202057
6,6,near2far1,0.99,3,0,0,0,2.26194671058465,3.45575191894877
6,1,near2far1,0.99,3,0,0,0,2.01061929829747,3.45575191894877
6,2,near2far1,0.99,3,0,0,0,2.38761041672824,3.51858377202057
6,3,near2far1,0.99,3,0,0,0,2.32477856365645,3.45575191894877
6,4,near2far1,0.99,3,0,0,0,2.26194671058465,3.45575191894877
6,5,near2far1,0.99,3,0,0,0,2.13628300444106,3.39292006587698
6,6,near2far1,0.99,3,0,0,0,2.26194671058465,3.45575191894877
6,1,near4,0.99,4,0,0,0,1.75929188601028,3.64424747816416
6,2,near4,0.99,4,0,0,0,1.82212373908208,3.58141562509236
6,3,near4,0.99,4,0,0,0,1.82212373908208,3.58141562509236
6,4,near4,0.99,4,0,0,0,1.88495559215388,3.64424747816416
6,5,near4,0.99,4,0,0,0,1.82212373908208,3.70707933123596
6,6,near4,0.99,4,0,0,0,1.5079644737231,3.70707933123596
6,1,near4,0.99,4,0,0,0,1.63362817986669,3.83274303737955
6,2,near4,0.99,4,0,0,0,1.82212373908208,3.45575191894877
6,3,near4,0.99,4,0,0,0,1.94778744522567,3.64424747816416
6,4,near4,0.99,4,0,0,0,1.82212373908208,3.76991118430775
6,5,near4,0.99,4,0,0,0,1.75929188601028,3.64424747816416
6,6,near4,0.99,4,0,0,0,1.88495559215388,3.64424747816416
6,1,near4,0.99,4,0,0,0,1.88495559215388,3.64424747816416
6,2,near4,0.99,4,0,0,0,1.63362817986669,3.76991118430775
6,3,near4,0.99,4,0,0,0,1.75929188601028,3.70707933123596
6,4,near4,0.99,4,0,0,0,2.01061929829747,3.76991118430775
6,5,near4,0.99,4,0,0,0,1.82212373908208,3.51858377202057
6,6,near4,0.99,4,0,0,0,1.82212373908208,3.76991118430775
6,1,lop4,0.99,4,0,0,0,1.5707963267949,3.70707933123596
6,2,lop4,0.99,4,0,0,0,1.69646003293849,3.70707933123596
6,3,lop4,0.99,4,0,0,0,1.82212373908208,3.70707933123596
6,4,lop4,0.99,4,0,0,0,1.69646003293849,3.83274303737955
6,5,lop4,0.99,4,0,0,0,1.75929188601028,3.64424747816416
6,6,lop4,0.99,4,0,0,0,1.94778744522567,3.58141562509236
6,1,lop4,0.99,4,0,0,0,1.69646003293849,3.70707933123596
6,2,lop4,0.99,4,0,0,0,1.75929188601028,3.83274303737955
6,3,lop4,0.99,4,0,0,0,1.75929188601028,3.70707933123596
6,4,lop4,0.99,4,0,0,0,1.75929188601028,3.70707933123596
6,5,lop4,0.99,4,0,0,0,1.75929188601028,3.64424747816416
6,6,lop4,0.99,4,0,0,0,1.75929188601028,3.70707933123596
6,1,lop4,0.99,4,0,0,0,1.69646003293849,3.76991118430775
6,2,lop4,0.99,4,0,0,0,1.75929188601028,3.64424747816416
6,3,lop4,0.99,4,0,0,0,1.75929188601028,3.83274303737955
6,4,lop4,0.99,4,0,0,0,1.75929188601028,3.70707933123596
6,5,lop4,0.99,4,0,0,0,1.88495559215388,3.70707933123596
6,6,lop4,0.99,4,0,0,0,1.88495559215388,3.70707933123596
7,1,lop4,0.99,4,0,0,0,1.75929188601028,3.45575191894877
7,2,lop4,0.99,4,0,0,0,1.69646003293849,3.64424747816416
7,3,lop4,0.99,4,0,0,0,1.69646003293849,3.89557489045134
7,4,lop4,0.99,4,0,0,0,1.75929188601028,3.64424747816416
7,5,lop4,0.99,4,0,0,0,1.69646003293849,3.70707933123596
7,6,lop4,0.99,4,0,0,0,1.63362817986669,3.76991118430775
7,7,lop4,0.99,4,0,0,0,1.82212373908208,3.76991118430775
7,1,lop4,0.99,4,0,0,0,1.69646003293849,3.76991118430775
7,2,lop4,0.99,4,0,0,0,1.69646003293849,3.83274303737955
7,3,lop4,0.99,4,0,0,0,1.69646003293849,3.83274303737955
7,4,lop4,0.99,4,0,0,0,1.69646003293849,3.89557489045134
7,5,lop4,0.99,4,0,0,0,1.69646003293849,3.76991118430775
7,6,lop4,0.99,4,0,0,0,1.69646003293849,3.95840674352314
7,7,lop4,0.99,4,0,0,0,1.82212373908208,3.76991118430775
7,1,lop4,0.99,4,0,0,0,1.82212373908208,3.64424747816416
7,2,lop4,0.99,4,0,0,0,1.69646003293849,3.70707933123596
7,3,lop4,0.99,4,0,0,0,1.88495559215388,3.70707933123596
7,4,lop4,0.99,4,0,0,0,1.82212373908208,3.64424747816416
7,5,lop4,0.99,4,0,0,0,1.75929188601028,3.51858377202057
7,6,lop4,0.99,4,0,0,0,1.75929188601028,3.70707933123596
7,7,lop4,0.99,4,0,0,0,1.69646003293849,3.58141562509236
7,1,near4,0.99,4,0,0,0,1.94778744522567,3.51858377202057
7,2,near4,0.99,4,0,0,0,1.5079644737231,3.76991118430775
7,3,near4,0.99,4,0,0,0,1.82212373908208,3.58141562509236
7,4,near4,0.99,4,0,0,0,1.82212373908208,3.64424747816416
7,5,near4,0.99,4,0,0,0,1.88495559215388,3.58141562509236
7,6,near4,0.99,4,0,0,0,1.82212373908208,3.64424747816416
7,7,near4,0.99,4,0,0,0,1.82212373908208,3.58141562509236
7,1,near4,0.99,4,0,0,0,1.94778744522567,3.70707933123596
7,2,near4,0.99,4,0,0,0,1.88495559215388,3.58141562509236
7,3,near4,0.99,4,0,0,0,1.82212373908208,3.70707933123596
7,4,near4,0.99,4,0,0,0,1.88495559215388,3.64424747816416
7,5,near4,0.99,4,0,0,0,1.82212373908208,3.58141562509236
7,6,near4,0.99,4,0,0,0,1.69646003293849,3.64424747816416
7,7,near4,0.99,4,0,0,0,1.63362817986669,3.83274303737955
7,1,near4,0.99,4,0,0,0,2.01061929829747,3.70707933123596
7,2,near4,0.99,4,0,0,0,1.94778744522567,3.51858377202057
7,3,near4,0.99,4,0,0,0,1.88495559215388,3.64424747816416
7,4,near4,0.99,4,0,0,0,1.75929188601028,3.76991118430775
7,5,near4,0.99,4,0,0,0,1.82212373908208,3.64424747816416
7,6,near4,0.99,4,0,0,0,2.01061929829747,3.58141562509236
7,7,near4,0.99,4,0,0,0,1.63362817986669,3.64424747816416
9,1,all,0.99,8,0,0,0,0.879645943005142,4.20973415581032
9,2,all,0.99,8,0,0,0,0.942477796076938,4.27256600888212
9,3,all,0.99,8,0,0,0,0.879645943005142,4.33539786195391
9,4,all,0.99,8,0,0,0,1.00530964914873,4.20973415581032
9,5,all,0.99,8,0,0,0,0.942477796076938,4.20973415581032
9,6,all,0.99,8,0,0,0,0.879645943005142,4.33539786195391
9,7,all,0.99,8,0,0,0,0.942477796076938,4.46106156809751
9,8,all,0.99,8,0,0,0,0.879645943005142,4.5238934211693
9,9,all,0.99,8,0,0,0,1.00530964914873,4.33539786195391
9,1,all,0.99,8,0,0,0,0.879645943005142,4.27256600888212
9,2,all,0.99,8,0,0,0,1.00530964914873,4.27256600888212
9,3,all,0.99,8,0,0,0,0.879645943005142,4.27256600888212
9,4,all,0.99,8,0,0,0,0.816814089933346,4.20973415581032
9,5,all,0.99,8,0,0,0,0.816814089933346,4.27256600888212
9,6,all,0.99,8,0,0,0,1.06814150222053,4.20973415581032
9,7,all,0.99,8,0,0,0,1.00530964914873,4.33539786195391
9,8,all,0.99,8,0,0,0,1.00530964914873,4.08407044966673
9,9,all,0.99,8,0,0,0,0.942477796076938,4.20973415581032
9,1,all,0.99,8,0,0,0,1.00530964914873,4.14690230273853
9,2,all,0.99,8,0,0,0,0.816814089933346,4.27256600888212
9,3,all,0.99,8,0,0,0,0.879645943005142,4.27256600888212
9,4,all,0.99,8,0,0,0,0.942477796076938,4.39822971502571
9,5,all,0.99,8,0,0,0,0.879645943005142,4.20973415581032
9,6,all,0.99,8,0,0,0,0.942477796076938,4.27256600888212
9,7,all,0.99,8,0,0,0,0.816814089933346,4.27256600888212
9,8,all,0.99,8,0,0,0,1.00530964914873,4.14690230273853
9,9,all,0.99,8,0,0,0,1.00530964914873,4.08407044966673
21,1,all,0.99,20,0,0,0,0.565486677646163,4.71238898038469
21,2,all,0.99,20,0,0,0,0.502654824574367,4.5867252742411
21,3,all,0.99,20,0,0,0,0.565486677646163,4.71238898038469
21,4,all,0.99,20,0,0,0,0.439822971502571,4.71238898038469
21,5,all,0.99,20,0,0,0,0.628318530717959,4.5238934211693
21,6,all,0.99,20,0,0,0,0.628318530717959,4.5867252742411
21,7,all,0.99,20,0,0,0,0.628318530717959,4.64955712731289
21,8,all,0.99,20,0,0,0,0.502654824574367,4.5867252742411
21,9,all,0.99,20,0,0,0,0.502654824574367,4.5238934211693
21,10,all,0.99,20,0,0,0,0.502654824574367,4.64955712731289
21,11,all,0.99,20,0,0,0,0.439822971502571,4.64955712731289
21,12,all,0.99,20,0,0,0,0.565486677646163,4.64955712731289
21,13,all,0.99,20,0,0,0,0.502654824574367,4.64955712731289
21,14,all,0.99,20,0,0,0,0.502654824574367,4.5238934211693
21,15,all,0.99,20,0,0,0,0.565486677646163,4.5867252742411
21,16,all,0.99,20,0,0,0,0.565486677646163,4.77522083345649
21,17,all,0.99,20,0,0,0,0.565486677646163,4.5867252742411
21,18,all,0.99,20,0,0,0,0.565486677646163,4.64955712731289
21,19,all,0.99,20,0,0,0,0.628318530717959,4.71238898038469
21,20,all,0.99,20,0,0,0,0.565486677646163,4.64955712731289
21,21,all,0.99,20,0,0,0,0.565486677646163,4.64955712731289
21,1,all,0.99,20,0,0,0,0.565486677646163,4.64955712731289
21,2,all,0.99,20,0,0,0,0.628318530717959,4.39822971502571
21,3,all,0.99,20,0,0,0,0.565486677646163,4.46106156809751
21,4,all,0.99,20,0,0,0,0.502654824574367,4.77522083345649
21,5,all,0.99,20,0,0,0,0.628318530717959,4.5867252742411
21,6,all,0.99,20,0,0,0,0.502654824574367,4.5867252742411
21,7,all,0.99,20,0,0,0,0.565486677646163,4.64955712731289
21,8,all,0.99,20,0,0,0,0.502654824574367,4.5867252742411
21,9,all,0.99,20,0,0,0,0.565486677646163,4.5867252742411
21,10,all,0.99,20,0,0,0,0.502654824574367,4.5867252742411
21,11,all,0.99,20,0,0,0,0.565486677646163,4.46106156809751
21,12,all,0.99,20,0,0,0,0.565486677646163,4.64955712731289
21,13,all,0.99,20,0,0,0,0.502654824574367,4.5867252742411
21,14,all,0.99,20,0,0,0,0.565486677646163,4.5238934211693
21,15,all,0.99,20,0,0,0,0.565486677646163,4.5238934211693
21,16,all,0.99,20,0,0,0,0.502654824574367,4.5867252742411
21,17,all,0.99,20,0,0,0,0.565486677646163,4.5867252742411
21,18,all,0.99,20,0,0,0,0.565486677646163,4.64955712731289
21,19,all,0.99,20,0,0,0,0.439822971502571,4.64955712731289
21,20,all,0.99,20,0,0,0,0.502654824574367,4.5867252742411
21,21,all,0.99,20,0,0,0,0.502654824574367,4.5867252742411
21,1,all,0.99,20,0,0,0,0.565486677646163,4.5867252742411
21,2,all,0.99,20,0,0,0,0.502654824574367,4.77522083345649
21,3,all,0.99,20,0,0,0,0.565486677646163,4.39822971502571
21,4,all,0.99,20,0,0,0,0.439822971502571,4.77522083345649
21,5,all,0.99,20,0,0,0,0.565486677646163,4.5867252742411
21,6,all,0.99,20,0,0,0,0.502654824574367,4.71238898038469
21,7,all,0.99,20,0,0,0,0.565486677646163,4.64955712731289
21,8,all,0.99,20,0,0,0,0.565486677646163,4.5867252742411
21,9,all,0.99,20,0,0,0,0.502654824574367,4.5867252742411
21,10,all,0.99,20,0,0,0,0.502654824574367,4.64955712731289
21,11,all,0.99,20,0,0,0,0.439822971502571,4.77522083345649
21,12,all,0.99,20,0,0,0,0.502654824574367,4.64955712731289
21,13,all,0.99,20,0,0,0,0.439822971502571,4.64955712731289
21,14,all,0.99,20,0,0,0,0.628318530717959,4.5867252742411
21,15,all,0.99,20,0,0,0,0.439822971502571,4.5867252742411
21,16,all,0.99,20,0,0,0,0.502654824574367,4.5238934211693
21,17,all,0.99,20,0,0,0,0.565486677646163,4.5867252742411
21,18,all,0.99,20,0,0,0,0.502654824574367,4.64955712731289
21,19,all,0.99,20,0,0,0,0.565486677646163,4.5867252742411
21,20,all,0.99,20,0,0,0,0.565486677646163,4.46106156809751
21,21,all,0.99,20,0,0,0,0.439822971502571,4.71238898038469
